F(i) : 12.22316684378321
F(hc) : 9.050301098122565, T(hc) : 0.111 s, d : 25.96 %
F(sa) : 8.789585547290116, T(sa) : 1.951 s, d : 28.09 %
F(ts) : 8.901523202267091, T(ts) : 0.074 s, d : 27.17 %
