F(i) : 12.22316684378321, T(i) : 0.004 s
F(hc) : 7.209705986539142, T(hc) : 0.74 s, d : 41.02 %
F(sa) : 9.011335458731846, T(sa) : 0.068 s, d : 26.28 %
F(ts) : 7.831739284449167, T(ts) : 0.284 s, d : 35.93 %
