F(i) : 12.22316684378321, T(i) : 0.004 s
F(hc) : 8.316684378320936, T(hc) : 0.97 s, d : 31.96 %
F(sa) : 8.127169677647892, T(sa) : 0.263 s, d : 33.51 %
F(ts) : 7.227771873893022, T(ts) : 0.436 s, d : 40.87 %
