F(i) : 12.22316684378321, T(i) : 0.003 s
F(hc) : 10.32801983705278, T(hc) : 0.037 s, d : 15.50 %
F(sa) : 9.359900814736097, T(sa) : 0.438 s, d : 23.42 %
F(ts) : 7.911795961742826, T(ts) : 0.411 s, d : 35.27 %
