F(i) : 12.22316684378321, T(i) : 0.005 s
F(hc) : 7.905773999291534, T(hc) : 0.453 s, d : 35.32 %
F(sa) : 8.00283386468296, T(sa) : 0.054 s, d : 34.53 %
F(ts) : 7.849096705632306, T(ts) : 0.249 s, d : 35.79 %
