F(i) : 12.22316684378321, T(i) : 0.004 s
F(hc) : 7.573149132128941, T(hc) : 0.744 s, d : 38.04 %
F(sa) : 8.574211831385051, T(sa) : 0.095 s, d : 29.85 %
F(ts) : 7.026213248317393, T(ts) : 0.323 s, d : 42.52 %
