F(i) : 12.22316684378321, T(i) : 0.003 s
F(hc) : 8.097059865391428, T(hc) : 0.005 s, d : 33.76 %
F(sa) : 8.997520368402409, T(sa) : 0.199 s, d : 26.39 %
F(ts) : 8.029401346085724, T(ts) : 0.651 s, d : 34.31 %
