F(i) : 12.22316684378321, T(i) : 0.005 s
F(hc) : 8.064824654622742, T(hc) : 0.52 s, d : 34.02 %
F(sa) : 8.931633014523557, T(sa) : 0.241 s, d : 26.93 %
F(ts) : 7.729365922777188, T(ts) : 0.411 s, d : 36.76 %
