F(i) : 12.22316684378321, T(i) : 0.005 s
F(hc) : 8.098831030818278, T(hc) : 0.493 s, d : 33.74 %
F(sa) : 8.139213602550479, T(sa) : 0.101 s, d : 33.41 %
F(ts) : 7.357775416223875, T(ts) : 0.213 s, d : 39.80 %
