F(i) : 12.22316684378321, T(i) : 0.005 s
F(hc) : 8.248317392844491, T(hc) : 0.636 s, d : 32.52 %
F(sa) : 8.238044633368757, T(sa) : 0.079 s, d : 32.60 %
F(ts) : 7.915692525681899, T(ts) : 0.334 s, d : 35.24 %
