F(i) : 12.22316684378321, T(i) : 0.004 s
F(hc) : 8.150549061282323, T(hc) : 0.805 s, d : 33.32 %
F(sa) : 8.91817215727949, T(sa) : 0.307 s, d : 27.04 %
F(ts) : 7.3117251151257525, T(ts) : 0.502 s, d : 40.18 %
