F(i) : 12.22316684378321, T(i) : 0.01 s
F(hc) : 6.526390364860078, T(hc) : 4.583 s, d : 46.61 %
F(sa) : 8.28444916755225, T(sa) : 1.243 s, d : 32.22 %
F(ts) : 9.112291888062344, T(ts) : 3.478 s, d : 25.45 %
