F(i) : 12.22316684378321, T(i) : 0.003 s
F(hc) : 9.569252568189869, T(hc) : 0.122 s, d : 21.71 %
F(sa) : 9.639744952178534, T(sa) : 0.197 s, d : 21.14 %
F(ts) : 9.124335812964931, T(ts) : 0.632 s, d : 25.35 %
