F(i) : 12.22316684378321, T(i) : 0.003 s
F(hc) : 8.990081473609635, T(hc) : 0.006 s, d : 26.45 %
F(sa) : 9.32412327311371, T(sa) : 0.116 s, d : 23.72 %
F(ts) : 8.292950761601134, T(ts) : 0.372 s, d : 32.15 %
