F(i) : 12.22316684378321
F(hc) : 2.905773999291534, T(hc) : 141.169 s, d : 76.23 %
F(sa) : 6.778250088558272, T(sa) : 2865.867 s, d : 44.55 %
F(ts) : 9.890541976620616, T(ts) : 0.063 s, d : 19.08 %
