F(i) : 12.22316684378321, T(i) : 0.005 s
F(hc) : 8.024442082890541, T(hc) : 0.798 s, d : 34.35 %
F(sa) : 8.854055968827488, T(sa) : 0.161 s, d : 27.56 %
F(ts) : 7.212894084307474, T(ts) : 0.281 s, d : 40.99 %
