F(i) : 12.22316684378321, T(i) : 0.004 s
F(hc) : 7.803046404534183, T(hc) : 0.718 s, d : 36.16 %
F(sa) : 8.145235565001771, T(sa) : 0.083 s, d : 33.36 %
F(ts) : 8.12079348211123, T(ts) : 0.287 s, d : 33.56 %
