F(i) : 9.155400905700587, T(i) : 1.377 s
F(hc) : 4.251032232285562, T(hc) : 73.44 s, d : 53.57 %
F(sa) : 6.318360415556739, T(sa) : 2.504 s, d : 30.99 %
F(ts) : 4.123901172083111, T(ts) : 13.905 s, d : 54.96 %
