F(i) : 9.155400905700587, T(i) : 1.377 s
F(hc) : 4.303942461374533, T(hc) : 122.224 s, d : 52.99 %
F(sa) : 6.463905167820991, T(sa) : 5.377 s, d : 29.40 %
F(ts) : 4.1671883324453916, T(ts) : 20.167 s, d : 54.48 %
