F(i) : 9.155400905700587, T(i) : 1.377 s
F(hc) : 4.345331646244007, T(hc) : 187.074 s, d : 52.54 %
F(sa) : 6.2754395311667555, T(sa) : 7.118 s, d : 31.46 %
F(ts) : 4.109683004794886, T(ts) : 26.917 s, d : 55.11 %
