F(i) : 9.155400905700587, T(i) : 1.377 s
F(hc) : 4.307005860415557, T(hc) : 122.546 s, d : 52.96 %
F(sa) : 6.341335908364411, T(sa) : 6.578 s, d : 30.74 %
F(ts) : 4.48381726158764, T(ts) : 26.858 s, d : 51.03 %
