F(i) : 9.155400905700587
F(hc) : 8.19043020777837, T(hc) : 6.869 s, d : 10.54 %
F(sa) : 8.227157698454981, T(sa) : 78.379 s, d : 10.14 %
F(ts) : 6.428676078849228, T(ts) : 220.933 s, d : 29.78 %
