F(i) : 9.155400905700587, T(i) : 1.377 s
F(hc) : 3.9791555673947787, T(hc) : 177.133 s, d : 56.54 %
F(sa) : 6.346563665423548, T(sa) : 4.891 s, d : 30.68 %
F(ts) : 4.445957645178476, T(ts) : 30.949 s, d : 51.44 %
