F(i) : 14.590699294609422, T(i) : 0.094 s
F(hc) : 6.831925455020465, T(hc) : 406.207 s, d : 53.18 %
F(sa) : 8.801532700513803, T(sa) : 69.369 s, d : 39.68 %
F(ts) : 5.395889575894801, T(ts) : 163.848 s, d : 63.02 %
