F(i) : 14.590699294609422, T(i) : 0.094 s
F(hc) : 6.844552817208046, T(hc) : 512.297 s, d : 53.09 %
F(sa) : 8.103108943655839, T(sa) : 57.393 s, d : 44.46 %
F(ts) : 5.477401375947053, T(ts) : 160.485 s, d : 62.46 %
