F(i) : 14.590699294609422, T(i) : 0.094 s
F(hc) : 7.137855960985805, T(hc) : 447.953 s, d : 51.08 %
F(sa) : 8.51432552468867, T(sa) : 45.751 s, d : 41.65 %
F(ts) : 4.955760689715231, T(ts) : 127.929 s, d : 66.03 %
