F(i) : 14.590699294609422, T(i) : 0.094 s
F(hc) : 6.015501175650963, T(hc) : 560.276 s, d : 58.77 %
F(sa) : 8.494470086214404, T(sa) : 53.779 s, d : 41.78 %
F(ts) : 4.983018374989114, T(ts) : 167.068 s, d : 65.85 %
