F(i) : 14.590699294609422, T(i) : 0.094 s
F(hc) : 6.753113297918662, T(hc) : 524.41 s, d : 53.72 %
F(sa) : 8.440041800923103, T(sa) : 63.65 s, d : 42.15 %
F(ts) : 5.44500566054167, T(ts) : 164.068 s, d : 62.68 %
