F(i) : 99.13093289689034, T(i) : 0.045 s
F(hc) : 50.92635024549918, T(hc) : 50.204 s, d : 48.63 %
F(sa) : 85.1178396072013, T(sa) : 4.54 s, d : 14.14 %
F(ts) : 83.18657937806874, T(ts) : 17.186 s, d : 16.08 %
