F(i) : 99.13093289689034, T(i) : 0.045 s
F(hc) : 52.56464811783961, T(hc) : 43.703 s, d : 46.97 %
F(sa) : 85.3240589198036, T(sa) : 4.205 s, d : 13.93 %
F(ts) : 83.66121112929623, T(ts) : 13.706 s, d : 15.61 %
