F(i) : 99.13093289689034, T(i) : 0.045 s
F(hc) : 48.733224222585925, T(hc) : 35.273 s, d : 50.84 %
F(sa) : 85.98527004909984, T(sa) : 4.19 s, d : 13.26 %
F(ts) : 83.57937806873977, T(ts) : 12.565 s, d : 15.69 %
