F(i) : 99.13093289689034, T(i) : 0.045 s
F(hc) : 49.12111292962357, T(hc) : 32.881 s, d : 50.45 %
F(sa) : 84.49918166939443, T(sa) : 4.063 s, d : 14.76 %
F(ts) : 88.30278232405892, T(ts) : 12.236 s, d : 10.92 %
