F(i) : 99.13093289689034, T(i) : 0.045 s
F(hc) : 78.65139116202946, T(hc) : 20.491 s, d : 20.66 %
F(sa) : 85.70703764320785, T(sa) : 4.414 s, d : 13.54 %
F(ts) : 87.61538461538461, T(ts) : 14.629 s, d : 11.62 %
