F(i) : 8.02934433745988, T(i) : 0.011 s
F(hc) : 6.6689591930307195, T(hc) : 132.007 s, d : 16.94 %
F(sa) : 7.16552040348464, T(sa) : 29.39 s, d : 10.76 %
F(ts) : 6.471343420449335, T(ts) : 82.768 s, d : 19.40 %
