F(i) : 8.02934433745988, T(i) : 0.011 s
F(hc) : 6.776249426868409, T(hc) : 118.307 s, d : 15.61 %
F(sa) : 7.059834938101788, T(sa) : 26.49 s, d : 12.07 %
F(ts) : 6.416093535075653, T(ts) : 64.023 s, d : 20.09 %
