F(i) : 8.02934433745988, T(i) : 0.011 s
F(hc) : 6.512608895002293, T(hc) : 111.751 s, d : 18.89 %
F(sa) : 7.048601558917928, T(sa) : 25.281 s, d : 12.21 %
F(ts) : 6.512150389729482, T(ts) : 72.869 s, d : 18.90 %
