F(i) : 8.02934433745988, T(i) : 0.011 s
F(hc) : 6.7659330582301696, T(hc) : 121.575 s, d : 15.73 %
F(sa) : 7.131361760660248, T(sa) : 23.505 s, d : 11.18 %
F(ts) : 6.483952315451628, T(ts) : 67.571 s, d : 19.25 %
