F(i) : 8.02934433745988, T(i) : 0.011 s
F(hc) : 6.477991746905089, T(hc) : 108.653 s, d : 19.32 %
F(sa) : 7.100412654745529, T(sa) : 23.113 s, d : 11.57 %
F(ts) : 6.2975699220541035, T(ts) : 70.421 s, d : 21.57 %
