F(i) : 4.690679958619392, T(i) : 0.067 s
F(hc) : 3.6113514530236057, T(hc) : 582.3 s, d : 23.01 %
F(sa) : 3.823191949590896, T(sa) : 97.243 s, d : 18.49 %
F(ts) : 3.2512461205680427, T(ts) : 270.248 s, d : 30.69 %
