F(i) : 4.690679958619392, T(i) : 0.067 s
F(hc) : 3.6443618922223266, T(hc) : 460.507 s, d : 22.31 %
F(sa) : 3.924621461487821, T(sa) : 82.225 s, d : 16.33 %
F(ts) : 3.208736951001599, T(ts) : 235.559 s, d : 31.59 %
