F(i) : 4.690679958619392, T(i) : 0.067 s
F(hc) : 3.576695194206715, T(hc) : 449.007 s, d : 23.75 %
F(sa) : 3.8715790463650896, T(sa) : 69.257 s, d : 17.46 %
F(ts) : 3.2763096021818865, T(ts) : 249.317 s, d : 30.15 %
