F(i) : 4.690679958619392, T(i) : 0.067 s
F(hc) : 3.684425844070347, T(hc) : 572.112 s, d : 21.45 %
F(sa) : 3.859399981190633, T(sa) : 100.158 s, d : 17.72 %
F(ts) : 3.2781905388883663, T(ts) : 279.707 s, d : 30.11 %
