F(i) : 4.690679958619392, T(i) : 0.067 s
F(hc) : 3.686306780776827, T(hc) : 568.206 s, d : 21.41 %
F(sa) : 3.8643374400451425, T(sa) : 113.124 s, d : 17.62 %
F(ts) : 3.2667638483965016, T(ts) : 294.979 s, d : 30.36 %
