F(i) : 30.050545454545453, T(i) : 0.346 s
F(hc) : 12.166181818181817, T(hc) : 65.921 s, d : 59.51 %
F(sa) : 16.673454545454547, T(sa) : 6.525 s, d : 44.52 %
F(ts) : 14.346181818181819, T(ts) : 19.248 s, d : 52.26 %
