F(i) : 30.050545454545453, T(i) : 0.346 s
F(hc) : 11.832, T(hc) : 67.534 s, d : 60.63 %
F(sa) : 16.530545454545454, T(sa) : 7.138 s, d : 44.99 %
F(ts) : 14.397454545454545, T(ts) : 18.746 s, d : 52.09 %
