F(i) : 30.050545454545453, T(i) : 0.346 s
F(hc) : 9.648363636363637, T(hc) : 60.497 s, d : 67.89 %
F(sa) : 17.53709090909091, T(sa) : 6.467 s, d : 41.64 %
F(ts) : 13.241454545454545, T(ts) : 18.941 s, d : 55.94 %
