F(i) : 30.050545454545453, T(i) : 0.346 s
F(hc) : 11.51309090909091, T(hc) : 59.909 s, d : 61.69 %
F(sa) : 17.28690909090909, T(sa) : 7.274 s, d : 42.47 %
F(ts) : 15.366909090909092, T(ts) : 22.969 s, d : 48.86 %
