F(i) : 30.050545454545453, T(i) : 0.346 s
F(hc) : 10.871272727272727, T(hc) : 69.766 s, d : 63.82 %
F(sa) : 15.929818181818181, T(sa) : 7.126 s, d : 46.99 %
F(ts) : 13.472, T(ts) : 21.114 s, d : 55.17 %
