F(i) : 30.49096705632306, T(i) : 0.051 s
F(hc) : 19.41126461211477, T(hc) : 36.217 s, d : 36.34 %
F(sa) : 22.540913921360254, T(sa) : 9.021 s, d : 26.07 %
F(ts) : 20.73219978746015, T(ts) : 27.184 s, d : 32.01 %
