F(i) : 30.49096705632306, T(i) : 0.051 s
F(hc) : 14.030818278427205, T(hc) : 97.007 s, d : 53.98 %
F(sa) : 23.91710945802338, T(sa) : 9.0 s, d : 21.56 %
F(ts) : 21.045696068012752, T(ts) : 26.925 s, d : 30.98 %
