F(i) : 30.49096705632306, T(i) : 0.051 s
F(hc) : 15.089266737513285, T(hc) : 76.153 s, d : 50.51 %
F(sa) : 22.784272051009566, T(sa) : 11.522 s, d : 25.28 %
F(ts) : 19.454835281615303, T(ts) : 36.79 s, d : 36.19 %
