F(i) : 30.49096705632306, T(i) : 0.051 s
F(hc) : 20.805526036131774, T(hc) : 28.571 s, d : 31.76 %
F(sa) : 23.20616365568544, T(sa) : 9.16 s, d : 23.89 %
F(ts) : 18.948990435706694, T(ts) : 27.674 s, d : 37.85 %
