F(i) : 30.49096705632306, T(i) : 0.051 s
F(hc) : 19.744952178533474, T(hc) : 34.805 s, d : 35.24 %
F(sa) : 23.517534537725822, T(sa) : 9.481 s, d : 22.87 %
F(ts) : 21.12008501594049, T(ts) : 26.954 s, d : 30.73 %
